1000
1
38
43
44
51
79
86
94
105
107
111
121
134
144
150
170
198
200
211
220
238
240
241
242
244
246
248
250
252
298
326
328
337
341
349
356
362
373
388
404
410
419
420
423
425
426
451
469
470
474
501
511
528
552
566
569
574
579
589
616
624
627
636
654
674
682
686
690
705
736
748
757
761
766
779
787
793
806
819
823
825
838
859
874
883
892
899
912
916
921
937
939
954
956
961
969
978
981
989
1005
1009
1015
1020
1033
1052
1095
1101
1103
1104
1110
1129
1136
1140
1142
1149
1174
1184
1188
1211
1231
1238
1239
1246
1256
1265
1268
1285
1296
1302
1306
1314
1337
1345
1362
1365
1371
1399
1406
1418
1429
1435
1448
1458
1473
1480
1481
1499
1504
1513
1520
1522
1535
1536
1544
1551
1579
1590
1621
1629
1637
1645
1666
1695
1741
1747
1755
1762
1766
1784
1786
1810
1816
1832
1848
1856
1863
1868
1892
1919
1942
1950
1959
1969
1994
1998
2010
2013
2020
2050
2062
2073
2084
2107
2112
2116
2138
2157
2163
2171
2185
2191
2198
2213
2228
2242
2248
2250
2263
2264
2266
2268
2285
2289
2291
2303
2320
2332
2338
2356
2357
2365
2385
2391
2401
2433
2438
2443
2448
2449
2461
2462
2467
2471
2488
2495
2498
2520
2522
2526
2534
2539
2549
2564
2566
2584
2586
2589
2605
2609
2610
2611
2620
2631
2647
2656
2662
2663
2688
2692
2722
2728
2730
2751
2760
2761
2768
2788
2792
2796
2809
2830
2831
2834
2878
2921
2926
2928
2932
2935
2946
2950
2952
2966
2967
2977
2998
3048
3054
3073
3105
3114
3118
3119
3127
3129
3139
3141
3148
3152
3154
3162
3163
3187
3190
3197
3203
3238
3239
3263
3267
3289
3290
3292
3293
3294
3297
3310
3317
3328
3334
3342
3344
3346
3358
3381
3383
3406
3416
3418
3440
3449
3461
3493
3546
3550
3586
3604
3624
3639
3663
3673
3697
3702
3705
3714
3718
3722
3725
3739
3750
3753
3758
3760
3820
3827
3835
3847
3851
3856
3858
3868
3883
3891
3895
3899
3905
3908
3935
3939
3945
3961
3980
4001
4032
4034
4055
4056
4071
4074
4083
4084
4090
4096
4103
4114
4138
4140
4146
4151
4158
4207
4210
4211
4214
4216
4229
4239
4244
4247
4263
4271
4285
4287
4289
4290
4303
4321
4323
4335
4337
4352
4361
4375
4393
4413
4415
4429
4439
4462
4479
4490
4492
4497
4499
4502
4504
4510
4514
4529
4534
4542
4544
4560
4574
4580
4584
4585
4589
4594
4608
4620
4635
4636
4639
4641
4642
4645
4653
4671
4680
4688
4691
4694
4712
4729
4758
4761
4762
4775
4785
4789
4794
4796
4822
4835
4857
4880
4881
4883
4903
4924
4927
4928
4935
4945
4982
4998
5000
5008
5021
5029
5057
5058
5062
5063
5068
5070
5071
5072
5088
5094
5106
5113
5126
5130
5138
5154
5164
5186
5193
5237
5248
5256
5260
5270
5311
5323
5326
5347
5352
5360
5366
5383
5389
5403
5408
5417
5420
5453
5455
5457
5459
5493
5495
5503
5513
5523
5524
5531
5555
5560
5579
5610
5613
5626
5627
5645
5651
5653
5659
5665
5669
5676
5691
5697
5698
5711
5723
5732
5753
5761
5776
5779
5782
5783
5786
5795
5817
5818
5826
5827
5829
5847
5855
5865
5883
5885
5888
5893
5907
5911
5927
5928
5930
5934
5943
5958
5964
5967
5968
5969
5974
5976
5990
5993
5996
5998
6017
6023
6027
6039
6048
6052
6057
6062
6064
6091
6092
6098
6108
6109
6120
6138
6150
6166
6167
6175
6181
6183
6218
6226
6239
6251
6270
6281
6288
6289
6335
6337
6345
6347
6358
6363
6386
6413
6426
6427
6431
6441
6442
6450
6458
6464
6465
6475
6498
6500
6510
6512
6520
6525
6529
6535
6555
6567
6584
6588
6602
6684
6697
6704
6712
6724
6735
6737
6752
6771
6820
6825
6861
6880
6897
6904
6905
6911
6912
6913
6918
6948
6964
6974
6989
7023
7031
7050
7058
7065
7067
7088
7121
7128
7131
7156
7157
7158
7169
7170
7172
7177
7179
7192
7204
7223
7230
7236
7268
7273
7276
7280
7282
7294
7309
7316
7340
7363
7373
7377
7382
7386
7389
7409
7432
7459
7466
7480
7485
7491
7492
7508
7515
7527
7528
7537
7548
7550
7551
7553
7559
7562
7575
7592
7611
7618
7630
7660
7666
7690
7695
7698
7700
7732
7741
7756
7763
7767
7768
7772
7775
7777
7779
7806
7822
7833
7838
7844
7862
7863
7864
7866
7869
7883
7884
7885
7896
7905
7914
7919
7921
7948
7949
7951
7979
7987
7989
8002
8022
8040
8046
8065
8072
8092
8100
8128
8144
8147
8149
8153
8172
8182
8187
8206
8208
8210
8213
8219
8221
8241
8243
8251
8253
8255
8257
8260
8262
8265
8266
8277
8281
8291
8296
8322
8325
8326
8335
8360
8366
8380
8381
8385
8404
8406
8411
8412
8431
8439
8440
8443
8460
8466
8468
8469
8483
8488
8491
8492
8497
8510
8522
8529
8533
8539
8559
8560
8567
8568
8570
8573
8576
8584
8587
8596
8598
8617
8625
8628
8633
8650
8664
8688
8694
8698
8707
8711
8740
8758
8770
8780
8787
8796
8814
8820
8824
8825
8839
8841
8848
8850
8852
8856
8880
8882
8894
8918
8922
8923
8927
8930
8941
8948
8953
8961
8971
8972
8982
9002
9006
9023
9028
9041
9055
9069
9077
9079
9083
9089
9090
9095
9097
9101
9105
9116
9123
9145
9172
9173
9180
9189
9202
9203
9218
9224
9238
9257
9259
9262
9270
9281
9291
9292
9304
9321
9332
9349
9353
9355
9391
9398
9407
9424
9428
9429
9442
9444
9474
9506
9507
9513
9523
9525
9530
9547
9575
9584
9589
9603
9608
9611
9625
9633
9642
9644
9649
9659
9668
9671
9689
9690
9694
9706
9714
9719
9727
9735
9744
9746
9760
9771
9788
9807
9818
9829
9831
9837
9843
9862
9868
9888
9893
9897
9901
9919
9920
9929
9939
9945
9951
9964
9976
9982
9999